NACA 0009

Angle of Attack = 0
Transition
Upper Surface = 100 %
Lower Surface = 100 %
Mach = 0
Surface Finish = smooth finish
Stall model: Calcfoil
Transition model: Eppler standard

Re = 100000
x/c	y/c	v/V	δ_1	δ_2	δ_3	Reδ_2	C_f	H_12	H_32	State	y1
[-]	[-]	[-]	[-]	[-]	[-]	[-]	[-]	[-]	[-]	[-]	[%]
1.0000	0.0000	0.1161	0.013793	0.003711	0.007110	43.1	0.0000	3.7169	1.9160	sep.	0.0000
0.9990	0.0001	0.7469	0.013793	0.003711	0.007110	277.2	0.0000	3.7169	1.9160	sep.	0.0000
0.9961	0.0004	0.8481	0.013793	0.003711	0.007110	314.7	0.0000	3.7169	1.9160	turb.	0.0000
0.9911	0.0009	0.8861	0.007804	0.003852	0.006008	350.4	0.0018	2.0258	1.5596	turb.	0.0332
0.9843	0.0017	0.9096	0.006814	0.003569	0.005649	330.8	0.0022	1.9090	1.5827	turb.	0.0302
0.9755	0.0026	0.9272	0.006175	0.003353	0.005356	315.6	0.0025	1.8417	1.5976	turb.	0.0285
0.9649	0.0036	0.9414	0.005724	0.003177	0.005106	302.9	0.0026	1.8017	1.6070	turb.	0.0275
0.9524	0.0049	0.9535	0.005380	0.003025	0.004878	291.7	0.0028	1.7786	1.6126	turb.	0.0269
0.9382	0.0063	0.9642	0.005115	0.002892	0.004671	281.6	0.0028	1.7686	1.6151	turb.	0.0266
0.9222	0.0079	0.9737	0.004907	0.002773	0.004479	272.4	0.0028	1.7694	1.6150	turb.	0.0265
0.9045	0.0096	0.9825	0.004739	0.002662	0.004291	263.6	0.0028	1.7804	1.6122	turb.	0.0266
0.8853	0.0114	0.9905	0.004610	0.002558	0.004110	255.3	0.0027	1.8025	1.6069	turb.	0.0270
0.8645	0.0133	0.9981	0.004519	0.002460	0.003933	247.2	0.0026	1.8372	1.5987	turb.	0.0276
0.8423	0.0153	1.0052	0.004468	0.002367	0.003757	239.5	0.0024	1.8881	1.5874	turb.	0.0286
0.8187	0.0173	1.0119	0.004465	0.002279	0.003585	232.1	0.0022	1.9590	1.5727	turb.	0.0301
0.7939	0.0194	1.0184	0.004521	0.002198	0.003416	225.2	0.0019	2.0570	1.5543	turb.	0.0322
0.7679	0.0216	1.0247	0.004655	0.002121	0.003248	218.6	0.0016	2.1946	1.5316	turb.	0.0355
0.7409	0.0237	1.0308	0.007514	0.002049	0.003109	212.4	0.0003	3.6682	1.5176	lam.	0.0841
0.7129	0.0259	1.0369	0.006745	0.001978	0.003012	206.3	0.0006	3.4098	1.5228	lam.	0.0597
0.6841	0.0280	1.0428	0.006250	0.001910	0.002916	200.3	0.0008	3.2724	1.5270	lam.	0.0513
0.6545	0.0301	1.0488	0.005847	0.001841	0.002818	194.2	0.0009	3.1758	1.5308	lam.	0.0463
0.6243	0.0321	1.0547	0.005501	0.001773	0.002720	188.1	0.0011	3.1022	1.5341	lam.	0.0428
0.5937	0.0341	1.0607	0.005188	0.001705	0.002622	181.9	0.0012	3.0422	1.5372	lam.	0.0400
0.5627	0.0359	1.0667	0.004900	0.001638	0.002523	175.7	0.0014	2.9914	1.5401	lam.	0.0378
0.5314	0.0376	1.0727	0.004626	0.001570	0.002422	169.3	0.0016	2.9466	1.5428	lam.	0.0358
0.5000	0.0392	1.0787	0.004364	0.001502	0.002321	162.9	0.0017	2.9064	1.5455	lam.	0.0340
0.4686	0.0407	1.0848	0.004112	0.001433	0.002218	156.3	0.0019	2.8697	1.5481	lam.	0.0324
0.4373	0.0419	1.0909	0.003872	0.001365	0.002117	149.7	0.0021	2.8363	1.5506	lam.	0.0310
0.4063	0.0430	1.0969	0.003638	0.001297	0.002014	143.0	0.0023	2.8053	1.5531	lam.	0.0296
0.3757	0.0438	1.1028	0.003412	0.001229	0.001912	136.3	0.0025	2.7765	1.5554	lam.	0.0283
0.3455	0.0444	1.1086	0.003194	0.001162	0.001809	129.4	0.0027	2.7497	1.5577	lam.	0.0270
0.3159	0.0447	1.1143	0.002983	0.001095	0.001707	122.5	0.0030	2.7248	1.5599	lam.	0.0258
0.2871	0.0447	1.1196	0.002776	0.001028	0.001605	115.6	0.0033	2.7016	1.5620	lam.	0.0247
0.2591	0.0445	1.1247	0.002579	0.000962	0.001505	108.7	0.0036	2.6804	1.5640	lam.	0.0236
0.2321	0.0439	1.1294	0.002386	0.000897	0.001404	101.7	0.0039	2.6605	1.5658	lam.	0.0225
0.2061	0.0431	1.1337	0.002199	0.000832	0.001305	94.7	0.0043	2.6422	1.5676	lam.	0.0214
0.1813	0.0419	1.1374	0.002017	0.000768	0.001206	87.6	0.0048	2.6249	1.5693	lam.	0.0204
0.1577	0.0405	1.1406	0.001837	0.000704	0.001106	80.5	0.0054	2.6081	1.5709	lam.	0.0193
0.1355	0.0388	1.1430	0.001662	0.000642	0.001009	73.4	0.0060	2.5906	1.5726	lam.	0.0183
0.1147	0.0367	1.1445	0.001490	0.000578	0.000911	66.2	0.0068	2.5756	1.5744	lam.	0.0171
0.0955	0.0344	1.1449	0.001323	0.000517	0.000815	59.1	0.0078	2.5597	1.5762	lam.	0.0160
0.0778	0.0319	1.1438	0.001157	0.000455	0.000718	51.9	0.0091	2.5416	1.5784	lam.	0.0148
0.0618	0.0291	1.1408	0.000990	0.000393	0.000621	44.6	0.0109	2.5196	1.5810	lam.	0.0135
0.0476	0.0261	1.1347	0.000826	0.000332	0.000526	37.3	0.0136	2.4903	1.5846	lam.	0.0121
0.0351	0.0228	1.1238	0.000669	0.000273	0.000434	30.2	0.0178	2.4489	1.5898	lam.	0.0106
0.0245	0.0194	1.1043	0.000514	0.000215	0.000344	23.0	0.0253	2.3910	1.5975	lam.	0.0089
0.0157	0.0158	1.0682	0.000369	0.000159	0.000256	15.9	0.0403	2.3194	1.6075	lam.	0.0070
0.0089	0.0121	0.9974	0.000254	0.000113	0.000183	9.8	    0.0727	2.2446	1.6187	lam.	0.0052
0.0039	0.0082	0.8488	0.000205	0.000092	0.000149	4.0	    0.1806	2.2352	1.6202	lam.	0.0033
0.0010	0.0041	0.5325	0.000183	0.000082	0.000133	0.2	    0.0001	2.2364	1.6200	lam.	0.1414
0.0000	0.0000	0.0000	0.000001	0.000000	0.000001	0.0	    0.0000	2.2364	1.6200	lam.	0.0000
0.0010	-0.0041	0.5325	0.000183	0.000082	0.000133	0.2	    0.0001	2.2364	1.6200	lam.	0.1414
0.0039	-0.0082	0.8488	0.000205	0.000092	0.000149	4.0	    0.1806	2.2352	1.6202	lam.	0.0033
0.0089	-0.0121	0.9974	0.000254	0.000113	0.000183	9.8	    0.0727	2.2446	1.6187	lam.	0.0052
0.0157	-0.0158	1.0682	0.000369	0.000159	0.000256	15.9	0.0403	2.3194	1.6075	lam.	0.0070
0.0245	-0.0194	1.1043	0.000514	0.000215	0.000344	23.0	0.0253	2.3910	1.5975	lam.	0.0089
0.0351	-0.0228	1.1238	0.000669	0.000273	0.000434	30.2	0.0178	2.4489	1.5898	lam.	0.0106
0.0476	-0.0261	1.1347	0.000826	0.000332	0.000526	37.3	0.0136	2.4903	1.5846	lam.	0.0121
0.0618	-0.0291	1.1408	0.000990	0.000393	0.000621	44.6	0.0109	2.5196	1.5810	lam.	0.0135
0.0778	-0.0319	1.1438	0.001157	0.000455	0.000718	51.9	0.0091	2.5416	1.5784	lam.	0.0148
0.0955	-0.0344	1.1449	0.001323	0.000517	0.000815	59.1	0.0078	2.5597	1.5762	lam.	0.0160
0.1147	-0.0367	1.1445	0.001490	0.000578	0.000911	66.2	0.0068	2.5756	1.5744	lam.	0.0171
0.1355	-0.0388	1.1430	0.001662	0.000642	0.001009	73.4	0.0060	2.5906	1.5726	lam.	0.0183
0.1577	-0.0405	1.1406	0.001837	0.000704	0.001106	80.5	0.0054	2.6081	1.5709	lam.	0.0193
0.1813	-0.0419	1.1374	0.002017	0.000768	0.001206	87.6	0.0048	2.6249	1.5693	lam.	0.0204
0.2061	-0.0431	1.1337	0.002199	0.000832	0.001305	94.7	0.0043	2.6422	1.5676	lam.	0.0214
0.2321	-0.0439	1.1294	0.002386	0.000897	0.001404	101.7	0.0039	2.6605	1.5658	lam.	0.0225
0.2591	-0.0445	1.1247	0.002579	0.000962	0.001505	108.7	0.0036	2.6804	1.5640	lam.	0.0236
0.2871	-0.0447	1.1196	0.002776	0.001028	0.001605	115.6	0.0033	2.7016	1.5620	lam.	0.0247
0.3159	-0.0447	1.1143	0.002983	0.001095	0.001707	122.5	0.0030	2.7248	1.5599	lam.	0.0258
0.3455	-0.0444	1.1086	0.003194	0.001162	0.001809	129.4	0.0027	2.7497	1.5577	lam.	0.0270
0.3757	-0.0438	1.1028	0.003412	0.001229	0.001912	136.3	0.0025	2.7765	1.5554	lam.	0.0283
0.4063	-0.0430	1.0969	0.003638	0.001297	0.002014	143.0	0.0023	2.8053	1.5531	lam.	0.0296
0.4373	-0.0419	1.0909	0.003872	0.001365	0.002117	149.7	0.0021	2.8363	1.5506	lam.	0.0310
0.4686	-0.0407	1.0848	0.004112	0.001433	0.002218	156.3	0.0019	2.8697	1.5481	lam.	0.0324
0.5000	-0.0392	1.0787	0.004364	0.001502	0.002321	162.9	0.0017	2.9064	1.5455	lam.	0.0340
0.5314	-0.0376	1.0727	0.004626	0.001570	0.002422	169.3	0.0016	2.9466	1.5428	lam.	0.0358
0.5627	-0.0359	1.0667	0.004900	0.001638	0.002523	175.7	0.0014	2.9914	1.5401	lam.	0.0378
0.5937	-0.0341	1.0607	0.005188	0.001705	0.002622	181.9	0.0012	3.0422	1.5372	lam.	0.0400
0.6243	-0.0321	1.0547	0.005501	0.001773	0.002720	188.1	0.0011	3.1022	1.5341	lam.	0.0428
0.6545	-0.0301	1.0488	0.005847	0.001841	0.002818	194.2	0.0009	3.1758	1.5308	lam.	0.0463
0.6841	-0.0280	1.0428	0.006250	0.001910	0.002916	200.3	0.0008	3.2724	1.5270	lam.	0.0513
0.7129	-0.0259	1.0369	0.006745	0.001978	0.003012	206.3	0.0006	3.4098	1.5228	lam.	0.0597
0.7409	-0.0237	1.0308	0.007514	0.002049	0.003109	212.4	0.0003	3.6682	1.5176	lam.	0.0841
0.7679	-0.0216	1.0247	0.004655	0.002121	0.003248	218.6	0.0016	2.1946	1.5316	turb.	0.0355
0.7939	-0.0194	1.0184	0.004521	0.002198	0.003416	225.2	0.0019	2.0570	1.5543	turb.	0.0322
0.8187	-0.0173	1.0119	0.004465	0.002279	0.003585	232.1	0.0022	1.9590	1.5727	turb.	0.0301
0.8423	-0.0153	1.0052	0.004468	0.002367	0.003757	239.5	0.0024	1.8881	1.5874	turb.	0.0286
0.8645	-0.0133	0.9981	0.004519	0.002460	0.003933	247.2	0.0026	1.8372	1.5987	turb.	0.0276
0.8853	-0.0114	0.9905	0.004610	0.002558	0.004110	255.3	0.0027	1.8025	1.6069	turb.	0.0270
0.9045	-0.0096	0.9825	0.004739	0.002662	0.004291	263.6	0.0028	1.7804	1.6122	turb.	0.0266
0.9222	-0.0079	0.9737	0.004907	0.002773	0.004479	272.4	0.0028	1.7694	1.6150	turb.	0.0265
0.9382	-0.0063	0.9642	0.005115	0.002892	0.004671	281.6	0.0028	1.7686	1.6151	turb.	0.0266
0.9524	-0.0049	0.9535	0.005380	0.003025	0.004878	291.7	0.0028	1.7786	1.6126	turb.	0.0269
0.9649	-0.0036	0.9414	0.005724	0.003177	0.005106	302.9	0.0026	1.8017	1.6070	turb.	0.0275
0.9755	-0.0026	0.9272	0.006175	0.003353	0.005356	315.6	0.0025	1.8417	1.5976	turb.	0.0285
0.9843	-0.0017	0.9096	0.006814	0.003569	0.005649	330.8	0.0022	1.9090	1.5827	turb.	0.0302
0.9911	-0.0009	0.8861	0.007804	0.003852	0.006008	350.4	0.0018	2.0258	1.5596	turb.	0.0332
0.9961	-0.0004	0.8481	0.013793	0.003711	0.007110	314.7	0.0000	3.7169	1.9160	turb.	0.0000
0.9990	-0.0001	0.7469	0.013793	0.003711	0.007110	277.2	0.0000	3.7169	1.9160	sep.	0.0000
1.0000	0.0000	0.1161	0.013793	0.003711	0.007110	43.1	0.0000	3.7169	1.9160	sep.	0.0000

