NACA 0009

Angle of Attack = 5
Transition
Upper Surface = 100 %
Lower Surface = 100 %
Mach = 0
Surface Finish = smooth finish
Stall model: Calcfoil
Transition model: Eppler standard

Re = 100000
x/c	y/c	v/V	δ_1	δ_2	δ_3	Reδ_2	C_f	H_12	H_32	State	y1
[-]	[-]	[-]	[-]	[-]	[-]	[-]	[-]	[-]	[-]	[-]	[%]
1.0000	0.0000	0.1157	0.028320	0.008068	0.014717	93.3	0.0000	3.5102	1.8242	sep.	0.0000
0.9990	0.0001	0.7468	0.028320	0.008068	0.014717	602.5	0.0000	3.5102	1.8242	sep.	0.0000
0.9961	0.0004	0.8494	0.028320	0.008068	0.014717	685.3	0.0000	3.5102	1.8242	turb.	0.0000
0.9911	0.0009	0.8895	0.017898	0.008423	0.012990	771.1	0.0013	2.1248	1.5422	turb.	0.0391
0.9843	0.0017	0.9155	0.015020	0.007713	0.012145	721.5	0.0017	1.9475	1.5747	turb.	0.0340
0.9755	0.0026	0.9355	0.013271	0.007195	0.011489	685.0	0.0020	1.8445	1.5969	turb.	0.0313
0.9649	0.0036	0.9523	0.012008	0.006770	0.010926	654.7	0.0023	1.7737	1.6138	turb.	0.0294
0.9524	0.0049	0.9672	0.011031	0.006407	0.010425	628.2	0.0025	1.7218	1.6272	turb.	0.0281
0.9382	0.0063	0.9806	0.010255	0.006093	0.009980	605.1	0.0027	1.6830	1.6378	turb.	0.0272
0.9222	0.0079	0.9931	0.009614	0.005816	0.009575	584.3	0.0029	1.6531	1.6464	turb.	0.0264
0.9045	0.0096	1.0048	0.009054	0.005559	0.009192	564.7	0.0030	1.6289	1.6536	turb.	0.0258
0.8853	0.0114	1.0160	0.008561	0.005320	0.008829	546.1	0.0031	1.6093	1.6597	turb.	0.0253
0.8645	0.0133	1.0267	0.008118	0.005095	0.008482	528.4	0.0032	1.5933	1.6647	turb.	0.0249
0.8423	0.0153	1.0371	0.007710	0.004880	0.008144	511.0	0.0033	1.5800	1.6690	turb.	0.0245
0.8187	0.0173	1.0473	0.007335	0.004675	0.007819	494.3	0.0034	1.5691	1.6726	turb.	0.0242
0.7939	0.0194	1.0573	0.006986	0.004478	0.007503	477.9	0.0035	1.5600	1.6756	turb.	0.0239
0.7679	0.0216	1.0673	0.006652	0.004285	0.007191	461.6	0.0036	1.5524	1.6782	turb.	0.0237
0.7409	0.0237	1.0773	0.006333	0.004096	0.006883	445.3	0.0036	1.5461	1.6803	turb.	0.0234
0.7129	0.0259	1.0873	0.006024	0.003909	0.006576	429.1	0.0037	1.5408	1.6822	turb.	0.0232
0.6841	0.0280	1.0975	0.005728	0.003728	0.006277	413.0	0.0038	1.5365	1.6837	turb.	0.0230
0.6545	0.0301	1.1079	0.005437	0.003547	0.005976	396.7	0.0038	1.5329	1.6849	turb.	0.0229
0.6243	0.0321	1.1185	0.005157	0.003371	0.005682	380.6	0.0039	1.5300	1.6859	turb.	0.0227
0.5937	0.0341	1.1294	0.004880	0.003194	0.005388	364.3	0.0039	1.5278	1.6867	turb.	0.0225
0.5627	0.0359	1.1406	0.004612	0.003022	0.005099	348.2	0.0040	1.5262	1.6873	turb.	0.0224
0.5314	0.0376	1.1522	0.004348	0.002851	0.004811	331.9	0.0040	1.5252	1.6876	turb.	0.0222
0.5000	0.0392	1.1642	0.004092	0.002683	0.004529	315.7	0.0041	1.5248	1.6878	turb.	0.0221
0.4686	0.0407	1.1766	0.003844	0.002520	0.004253	299.8	0.0041	1.5252	1.6876	turb.	0.0220
0.4373	0.0419	1.1895	0.003600	0.002358	0.003979	283.7	0.0042	1.5263	1.6872	turb.	0.0219
0.4063	0.0430	1.2029	0.003366	0.002202	0.003714	268.0	0.0042	1.5284	1.6865	turb.	0.0218
0.3757	0.0438	1.2168	0.003139	0.002050	0.003455	252.4	0.0043	1.5316	1.6854	turb.	0.0217
0.3455	0.0444	1.2313	0.002921	0.001902	0.003202	237.0	0.0043	1.5362	1.6838	turb.	0.0216
0.3159	0.0447	1.2464	0.002711	0.001757	0.002955	221.8	0.0043	1.5426	1.6815	turb.	0.0215
0.2871	0.0447	1.2621	0.002513	0.001620	0.002719	207.1	0.0043	1.5511	1.6786	turb.	0.0215
0.2591	0.0445	1.2787	0.002323	0.001487	0.002490	192.7	0.0043	1.5625	1.6748	turb.	0.0216
0.2321	0.0439	1.2961	0.002143	0.001358	0.002268	178.6	0.0043	1.5778	1.6698	turb.	0.0216
0.2061	0.0431	1.3145	0.001977	0.001237	0.002058	165.1	0.0042	1.5978	1.6633	turb.	0.0218
0.1813	0.0419	1.3342	0.001821	0.001121	0.001855	151.9	0.0041	1.6245	1.6550	turb.	0.0221
0.1577	0.0405	1.3555	0.001676	0.001009	0.001659	139.1	0.0040	1.6605	1.6443	turb.	0.0225
0.1355	0.0388	1.3787	0.001544	0.000904	0.001474	126.9	0.0037	1.7083	1.6309	turb.	0.0231
0.1147	0.0367	1.4044	0.001425	0.000805	0.001299	115.3	0.0035	1.7708	1.6147	turb.	0.0240
0.0955	0.0344	1.4334	0.001314	0.000709	0.001131	104.0	0.0031	1.8527	1.5952	turb.	0.0253
0.0778	0.0319	1.4665	0.001207	0.000617	0.000970	92.8	0.0027	1.9569	1.5732	turb.	0.0270
0.0618	0.0291	1.5052	0.001098	0.000529	0.000820	82.1	0.0024	2.0763	1.5509	turb.	0.0291
0.0476	0.0261	1.5512	0.000974	0.000444	0.000680	71.3	0.0021	2.1953	1.5314	turb.	0.0312
0.0351	0.0228	1.6071	0.000829	0.000363	0.000551	60.8	0.0019	2.2839	1.5182	turb.	0.0327
0.0245	0.0194	1.6758	0.000666	0.000286	0.000432	50.2	0.0018	2.3288	1.5120	turb.	0.0330
0.0157	0.0158	1.7601	0.000635	0.000208	0.000319	38.5	0.0058	3.0571	1.5360	lam.	0.0186
0.0089	0.0121	1.8581	0.000346	0.000138	0.000219	26.9	0.0186	2.5032	1.5831	lam.	0.0104
0.0039	0.0082	1.9436	0.000211	0.000094	0.000153	18.1	0.0393	2.2412	1.6192	lam.	0.0071
0.0010	0.0041	1.8996	0.000205	0.000092	0.000149	11.8	0.0610	2.2346	1.6203	lam.	0.0057
0.0000	0.0000	1.5050	0.000206	0.000093	0.000150	7.0	0.1033	2.2304	1.6209	lam.	0.0044
0.0010	-0.0041	0.8386	0.000455	0.000203	0.000328	5.1	0.1374	2.2463	1.6184	lam.	0.0038
0.0039	-0.0082	0.2525	0.000080	0.000036	0.000058	0.5	0.0001	2.2364	1.6200	lam.	0.1414
0.0089	-0.0121	0.1291	0.000001	0.000000	0.000001	0.0	0.0000	2.2364	1.6200	lam.	0.0000
0.0157	-0.0158	0.3681	0.000079	0.000035	0.000057	0.5	0.0001	2.2364	1.6200	lam.	0.1414
0.0245	-0.0194	0.5243	0.000370	0.000165	0.000268	6.1	0.1169	2.2371	1.6199	lam.	0.0041
0.0351	-0.0228	0.6320	0.000490	0.000217	0.000351	11.5	0.0607	2.2565	1.6169	lam.	0.0057
0.0476	-0.0261	0.7096	0.000613	0.000268	0.000433	17.0	0.0393	2.2857	1.6124	lam.	0.0071
0.0618	-0.0291	0.7677	0.000741	0.000320	0.000515	22.8	0.0283	2.3127	1.6084	lam.	0.0084
0.0778	-0.0319	0.8125	0.000871	0.000373	0.000598	28.6	0.0218	2.3368	1.6049	lam.	0.0096
0.0955	-0.0344	0.8477	0.001005	0.000426	0.000683	34.6	0.0175	2.3569	1.6021	lam.	0.0107
0.1147	-0.0367	0.8758	0.001141	0.000480	0.000769	40.7	0.0146	2.3747	1.5996	lam.	0.0117
0.1355	-0.0388	0.8985	0.001280	0.000535	0.000855	46.9	0.0124	2.3903	1.5975	lam.	0.0127
0.1577	-0.0405	0.9170	0.001418	0.000590	0.000941	53.0	0.0107	2.4051	1.5955	lam.	0.0136
0.1813	-0.0419	0.9320	0.001561	0.000645	0.001029	59.2	0.0094	2.4187	1.5937	lam.	0.0146
0.2061	-0.0431	0.9443	0.001704	0.000701	0.001116	65.3	0.0084	2.4318	1.5920	lam.	0.0154
0.2321	-0.0439	0.9542	0.001850	0.000757	0.001203	71.5	0.0076	2.4445	1.5904	lam.	0.0163
0.2591	-0.0445	0.9622	0.001997	0.000813	0.001291	77.6	0.0068	2.4571	1.5888	lam.	0.0171
0.2871	-0.0447	0.9686	0.002146	0.000869	0.001379	83.6	0.0062	2.4695	1.5872	lam.	0.0179
0.3159	-0.0447	0.9737	0.002298	0.000926	0.001468	89.7	0.0057	2.4820	1.5856	lam.	0.0187
0.3455	-0.0444	0.9775	0.002451	0.000982	0.001556	95.7	0.0053	2.4943	1.5841	lam.	0.0195
0.3757	-0.0438	0.9804	0.002605	0.001039	0.001645	101.6	0.0049	2.5066	1.5826	lam.	0.0202
0.4063	-0.0430	0.9825	0.002760	0.001096	0.001732	107.4	0.0045	2.5188	1.5811	lam.	0.0210
0.4373	-0.0419	0.9839	0.002915	0.001152	0.001820	113.2	0.0042	2.5309	1.5796	lam.	0.0217
0.4686	-0.0407	0.9847	0.003070	0.001207	0.001906	118.8	0.0040	2.5429	1.5782	lam.	0.0224
0.5000	-0.0392	0.9851	0.003227	0.001263	0.001992	124.4	0.0037	2.5548	1.5768	lam.	0.0232
0.5314	-0.0376	0.9850	0.003383	0.001318	0.002076	129.8	0.0035	2.5666	1.5754	lam.	0.0239
0.5627	-0.0359	0.9846	0.003537	0.001372	0.002160	135.1	0.0033	2.5782	1.5741	lam.	0.0246
0.5937	-0.0341	0.9839	0.003690	0.001425	0.002241	140.3	0.0031	2.5900	1.5727	lam.	0.0252
0.6243	-0.0321	0.9829	0.003847	0.001477	0.002321	145.3	0.0030	2.6042	1.5713	lam.	0.0259
0.6545	-0.0301	0.9817	0.004003	0.001529	0.002400	150.2	0.0028	2.6185	1.5699	lam.	0.0266
0.6841	-0.0280	0.9802	0.004160	0.001580	0.002477	155.1	0.0027	2.6334	1.5684	lam.	0.0273
0.7129	-0.0259	0.9785	0.004316	0.001629	0.002553	159.7	0.0026	2.6495	1.5669	lam.	0.0280
0.7409	-0.0237	0.9766	0.004478	0.001679	0.002627	164.3	0.0024	2.6679	1.5651	lam.	0.0288
0.7679	-0.0216	0.9743	0.004646	0.001728	0.002700	168.7	0.0023	2.6891	1.5631	lam.	0.0296
0.7939	-0.0194	0.9718	0.004823	0.001776	0.002773	173.1	0.0022	2.7147	1.5608	lam.	0.0305
0.8187	-0.0173	0.9689	0.005013	0.001825	0.002844	177.4	0.0020	2.7462	1.5580	lam.	0.0316
0.8423	-0.0153	0.9656	0.005227	0.001876	0.002916	181.7	0.0018	2.7866	1.5546	lam.	0.0329
0.8645	-0.0133	0.9619	0.005476	0.001928	0.002989	186.2	0.0017	2.8403	1.5503	lam.	0.0346
0.8853	-0.0114	0.9576	0.005777	0.001983	0.003063	190.7	0.0015	2.9141	1.5450	lam.	0.0370
0.9045	-0.0096	0.9526	0.006173	0.002041	0.003140	195.4	0.0012	3.0242	1.5382	lam.	0.0409
0.9222	-0.0079	0.9470	0.006768	0.002106	0.003220	200.6	0.0008	3.2140	1.5292	lam.	0.0487
0.9382	-0.0063	0.9404	0.008178	0.002179	0.003305	206.4	0.0002	3.7523	1.5165	lam.	0.0961
0.9524	-0.0049	0.9326	0.005108	0.002258	0.003436	212.4	0.0014	2.2618	1.5215	turb.	0.0372
0.9649	-0.0036	0.9233	0.005290	0.002351	0.003582	219.3	0.0015	2.2496	1.5233	turb.	0.0370
0.9755	-0.0026	0.9118	0.005620	0.002463	0.003741	227.4	0.0014	2.2815	1.5186	turb.	0.0380
0.9843	-0.0017	0.8969	0.006201	0.002608	0.003926	237.7	0.0012	2.3777	1.5056	turb.	0.0410
0.9911	-0.0009	0.8759	0.008192	0.002536	0.004277	222.1	0.0000	3.2310	1.6867	turb.	0.0000
0.9961	-0.0004	0.8404	0.008192	0.002536	0.004277	213.1	0.0000	3.2310	1.6867	sep.	0.0000
0.9990	-0.0001	0.7413	0.008192	0.002536	0.004277	188.0	0.0000	3.2310	1.6867	sep.	0.0000
1.0000	0.0000	0.1157	0.008192	0.002536	0.004277	29.3	0.0000	3.2310	1.6867	sep.	0.0000

