Name = NACA 0009
Re = 100000
Alpha	Cl	Cd	Cm	x_cp
[deg]	[-]	[-]	[-]	[-]
-4.0	-0.23537	0.00862	0.04884	0.07094
-3.9	-0.22949	0.00861	0.04762	0.07096
-3.8	-0.22362	0.00861	0.04641	0.07098
-3.7	-0.21774	0.00861	0.04520	0.07100
-3.6	-0.21187	0.00861	0.04398	0.07102
-3.5	-0.20599	0.00861	0.04276	0.07104
-3.4	-0.20011	0.00861	0.04155	0.07106
-3.3	-0.19423	0.00861	0.04033	0.07108
-3.2	-0.18835	0.00861	0.03912	0.07110
-3.1	-0.18247	0.00861	0.03790	0.07112
-3.0	-0.17659	0.00860	0.03668	0.07113
-2.9	-0.17071	0.00860	0.03546	0.07115
-2.8	-0.16483	0.00860	0.03424	0.07117
-2.7	-0.15894	0.00860	0.03302	0.07118
-2.6	-0.15306	0.00860	0.03180	0.07120
-2.5	-0.14718	0.00860	0.03058	0.07121
-2.4	-0.14130	0.00860	0.02936	0.07123
-2.3	-0.13541	0.00860	0.02814	0.07124
-2.2	-0.12953	0.00860	0.02692	0.07125
-2.1	-0.12364	0.00860	0.02570	0.07126
-2.0	-0.11776	0.00860	0.02448	0.07128
-1.9	-0.11187	0.00860	0.02326	0.07129
-1.8	-0.10598	0.00859	0.02203	0.07130
-1.7	-0.10010	0.00859	0.02081	0.07131
-1.6	-0.09421	0.00859	0.01959	0.07132
-1.5	-0.08833	0.00859	0.01837	0.07133
-1.4	-0.08244	0.00859	0.01714	0.07133
-1.3	-0.07655	0.00859	0.01592	0.07134
-1.2	-0.07066	0.00859	0.01469	0.07135
-1.1	-0.06478	0.00859	0.01347	0.07136
-1.0	-0.05889	0.00859	0.01225	0.07136
-0.9	-0.05300	0.00859	0.01102	0.07137
-0.8	-0.04711	0.00859	0.00980	0.07137
-0.7	-0.04122	0.00859	0.00857	0.07138
-0.6	-0.03533	0.00859	0.00735	0.07138
-0.5	-0.02944	0.00859	0.00612	0.07138
-0.4	-0.02356	0.00859	0.00490	0.07138
-0.3	-0.01767	0.00859	0.00367	0.07139
-0.2	-0.01178	0.00859	0.00245	0.07139
-0.1	-0.00589	0.00859	0.00122	0.07139
0.0	0.00000	0.00859	0.00000	0.25000
0.1	0.00589	0.00859	-0.00122	0.07139
0.2	0.01178	0.00859	-0.00245	0.07139
0.3	0.01767	0.00859	-0.00367	0.07139
0.4	0.02356	0.00859	-0.00490	0.07138
0.5	0.02944	0.00859	-0.00612	0.07138
0.6	0.03533	0.00859	-0.00735	0.07138
0.7	0.04122	0.00859	-0.00857	0.07138
0.8	0.04711	0.00859	-0.00980	0.07137
0.9	0.05300	0.00859	-0.01102	0.07137
1.0	0.05889	0.00859	-0.01225	0.07136
1.1	0.06478	0.00859	-0.01347	0.07136
1.2	0.07066	0.00859	-0.01469	0.07135
1.3	0.07655	0.00859	-0.01592	0.07134
1.4	0.08244	0.00859	-0.01714	0.07133
1.5	0.08833	0.00859	-0.01837	0.07133
1.6	0.09421	0.00859	-0.01959	0.07132
1.7	0.10010	0.00859	-0.02081	0.07131
1.8	0.10598	0.00859	-0.02203	0.07130
1.9	0.11187	0.00860	-0.02326	0.07129
2.0	0.11776	0.00860	-0.02448	0.07128
2.1	0.12364	0.00860	-0.02570	0.07126
2.2	0.12953	0.00860	-0.02692	0.07125
2.3	0.13541	0.00860	-0.02814	0.07124
2.4	0.14130	0.00860	-0.02936	0.07123
2.5	0.14718	0.00860	-0.03058	0.07121
2.6	0.15306	0.00860	-0.03180	0.07120
2.7	0.15894	0.00860	-0.03302	0.07118
2.8	0.16483	0.00860	-0.03424	0.07117
2.9	0.17071	0.00860	-0.03546	0.07115
3.0	0.17659	0.00860	-0.03668	0.07113
3.1	0.18247	0.00861	-0.03790	0.07112
3.2	0.18835	0.00861	-0.03912	0.07110
3.3	0.19423	0.00861	-0.04033	0.07108
3.4	0.20011	0.00861	-0.04155	0.07106
3.5	0.20599	0.00861	-0.04276	0.07104
3.6	0.21187	0.00861	-0.04398	0.07102
3.7	0.21774	0.00861	-0.04520	0.07100
3.8	0.22362	0.00861	-0.04641	0.07098
3.9	0.22949	0.00861	-0.04762	0.07096
4.0	0.23537	0.00862	-0.04884	0.07094
4.1	0.24124	0.00862	-0.05005	0.07091
4.2	0.24712	0.00862	-0.05126	0.07089
4.3	0.25299	0.00862	-0.05247	0.07087
4.4	0.25886	0.00862	-0.05368	0.07084
4.5	0.26473	0.00862	-0.05489	0.07082
4.6	0.27060	0.00862	-0.05610	0.07079
4.7	0.27647	0.00863	-0.05731	0.07076
4.8	0.28234	0.00863	-0.05852	0.07074
4.9	0.28821	0.00863	-0.05973	0.07071
5.0	0.29408	0.00863	-0.06093	0.07068
5.1	0.29994	0.00863	-0.06214	0.07065
5.2	0.30581	0.00863	-0.06335	0.07062
5.3	0.31167	0.00864	-0.06455	0.07059
5.4	0.31754	0.00864	-0.06575	0.07056
5.5	0.32340	0.00864	-0.06696	0.07053
5.6	0.32926	0.00864	-0.06816	0.07050
5.7	0.33512	0.00864	-0.06936	0.07047
5.8	0.34098	0.00864	-0.07056	0.07043
5.9	0.34684	0.00865	-0.07176	0.07040
6.0	0.35270	0.00865	-0.07296	0.07037
6.1	0.35855	0.00865	-0.07416	0.07033
6.2	0.36441	0.00865	-0.07535	0.07030
6.3	0.37026	0.00865	-0.07655	0.07026
6.4	0.37611	0.00865	-0.07774	0.07023
6.5	0.38197	0.00866	-0.07894	0.07019
6.6	0.38782	0.00866	-0.08013	0.07015
6.7	0.39367	0.00866	-0.08132	0.07011
6.8	0.39951	0.00866	-0.08251	0.07007
6.9	0.40536	0.00866	-0.08370	0.07004
7.0	0.41121	0.00867	-0.08489	0.07000
7.1	0.41705	0.00867	-0.08608	0.06996
7.2	0.42289	0.00867	-0.08727	0.06991
7.3	0.42874	0.00867	-0.08845	0.06987
7.4	0.43458	0.00867	-0.08964	0.06983
7.5	0.44042	0.00868	-0.09082	0.06979
7.6	0.44625	0.00868	-0.09200	0.06974
7.7	0.45209	0.00868	-0.09319	0.06970
7.8	0.45793	0.00868	-0.09437	0.06966
7.9	0.46376	0.00869	-0.09555	0.06961
8.0	0.46959	0.00869	-0.09672	0.06957
