Name = NACA 0009
Mach = 0; Re = 100000; T.U. = 1.0; T.L. = 1.0
Surface Finish = 2; Stall model = 0; Transition model = 1; Aspect Ratio = 0; ground effect = 0
α	Cl	Cd	Cm 0.25	T.U.	T.L.	S.U.	S.L.	L/D	A.C.	C.P.
[°]	[-]	[-]	[-]	[-]	[-]	[-]	[-]	[-]	[-]	[-]
-4.0	-0.464	0.02047	0.003	0.824	0.034	0.996	0.995	-22.677	0.258	0.257
-3.9	-0.453	0.02024	0.003	0.820	0.046	0.996	0.995	-22.373	0.258	0.257
-3.8	-0.442	0.01957	0.003	0.815	0.126	0.996	0.996	-22.566	0.258	0.257
-3.7	-0.430	0.01937	0.003	0.809	0.144	0.996	0.996	-22.223	0.258	0.257
-3.6	-0.419	0.01917	0.003	0.804	0.157	0.996	0.996	-21.865	0.258	0.257
-3.5	-0.408	0.01898	0.003	0.799	0.174	0.996	0.996	-21.486	0.258	0.257
-3.4	-0.396	0.02006	0.003	0.794	0.188	0.996	0.996	-19.762	0.258	0.257
-3.3	-0.385	0.01989	0.003	0.788	0.201	0.997	0.996	-19.359	0.258	0.257
-3.2	-0.374	0.01969	0.003	0.782	0.214	0.997	0.996	-18.974	0.258	0.257
-3.1	-0.362	0.01958	0.003	0.777	0.225	0.997	0.996	-18.499	0.258	0.257
-3.0	-0.351	0.01946	0.003	0.771	0.237	0.997	0.996	-18.017	0.258	0.257
-2.9	-0.339	0.01924	0.003	0.765	0.248	0.997	0.997	-17.620	0.257	0.257
-2.8	-0.328	0.01915	0.002	0.758	0.259	0.997	0.997	-17.099	0.257	0.257
-2.7	-0.316	0.01903	0.002	0.751	0.271	0.997	0.996	-16.599	0.257	0.257
-2.6	-0.304	0.01888	0.002	0.745	0.281	0.997	0.997	-16.122	0.257	0.257
-2.5	-0.293	0.01876	0.002	0.738	0.291	0.997	0.997	-15.606	0.257	0.257
-2.4	-0.281	0.01868	0.002	0.731	0.302	0.997	0.997	-15.047	0.257	0.257
-2.3	-0.270	0.01861	0.002	0.724	0.311	0.997	0.997	-14.479	0.257	0.257
-2.2	-0.258	0.01848	0.002	0.716	0.321	0.997	0.997	-13.951	0.257	0.257
-2.1	-0.246	0.01838	0.002	0.709	0.331	0.997	0.997	-13.398	0.257	0.257
-2.0	-0.235	0.01833	0.002	0.701	0.341	0.997	0.997	-12.800	0.257	0.257
-1.9	-0.223	0.01821	0.002	0.693	0.351	0.997	0.997	-12.241	0.257	0.257
-1.8	-0.211	0.01815	0.002	0.686	0.360	0.997	0.997	-11.633	0.257	0.257
-1.7	-0.200	0.01807	0.001	0.677	0.370	0.997	0.997	-11.041	0.257	0.257
-1.6	-0.188	0.01803	0.001	0.669	0.379	0.997	0.997	-10.418	0.257	0.257
-1.5	-0.176	0.01793	0.001	0.661	0.389	0.997	0.997	-9.824	0.257	0.257
-1.4	-0.164	0.01789	0.001	0.653	0.398	0.997	0.997	-9.189	0.257	0.257
-1.3	-0.153	0.01782	0.001	0.644	0.407	0.997	0.997	-8.566	0.257	0.257
-1.2	-0.141	0.01779	0.001	0.636	0.417	0.997	0.997	-7.922	0.257	0.257
-1.1	-0.129	0.01776	0.001	0.627	0.426	0.997	0.997	-7.274	0.257	0.257
-1.0	-0.117	0.01769	0.001	0.618	0.435	0.997	0.997	-6.641	0.257	0.257
-0.9	-0.106	0.01772	0.001	0.609	0.445	0.997	0.997	-5.968	0.257	0.257
-0.8	-0.094	0.01769	0.001	0.600	0.454	0.997	0.997	-5.313	0.257	0.257
-0.7	-0.082	0.01762	0.001	0.591	0.463	0.997	0.997	-4.669	0.257	0.257
-0.6	-0.071	0.01757	0.001	0.582	0.472	0.997	0.997	-4.014	0.257	0.257
-0.5	-0.059	0.01755	0.000	0.573	0.482	0.997	0.997	-3.348	0.257	0.257
-0.4	-0.047	0.01759	0.000	0.564	0.491	0.997	0.997	-2.673	0.257	0.257
-0.3	-0.035	0.01758	0.000	0.555	0.500	0.997	0.997	-2.006	0.257	0.257
-0.2	-0.024	0.01757	0.000	0.546	0.509	0.997	0.997	-1.338	0.257	0.257
-0.1	-0.012	0.01757	0.000	0.537	0.519	0.997	0.997	-0.669	0.257	0.257
0.0	-0.000	0.01757	-0.000	0.528	0.528	0.997	0.997	-0.000	0.257	0.250
0.1	0.012	0.01757	-0.000	0.519	0.537	0.997	0.997	0.669	0.257	0.257
0.2	0.024	0.01757	-0.000	0.509	0.546	0.997	0.997	1.338	0.257	0.257
0.3	0.035	0.01758	-0.000	0.500	0.555	0.997	0.997	2.006	0.257	0.257
0.4	0.047	0.01759	-0.000	0.491	0.564	0.997	0.997	2.673	0.257	0.257
0.5	0.059	0.01755	-0.000	0.482	0.573	0.997	0.997	3.348	0.257	0.257
0.6	0.071	0.01757	-0.001	0.472	0.582	0.997	0.997	4.014	0.257	0.257
0.7	0.082	0.01762	-0.001	0.463	0.591	0.997	0.997	4.669	0.257	0.257
0.8	0.094	0.01769	-0.001	0.454	0.600	0.997	0.997	5.313	0.257	0.257
0.9	0.106	0.01772	-0.001	0.445	0.609	0.997	0.997	5.968	0.257	0.257
1.0	0.117	0.01769	-0.001	0.435	0.618	0.997	0.997	6.641	0.257	0.257
1.1	0.129	0.01776	-0.001	0.426	0.627	0.997	0.997	7.274	0.257	0.257
1.2	0.141	0.01779	-0.001	0.417	0.636	0.997	0.997	7.922	0.257	0.257
1.3	0.153	0.01782	-0.001	0.407	0.644	0.997	0.997	8.566	0.257	0.257
1.4	0.164	0.01789	-0.001	0.398	0.653	0.997	0.997	9.189	0.257	0.257
1.5	0.176	0.01793	-0.001	0.389	0.661	0.997	0.997	9.824	0.257	0.257
1.6	0.188	0.01803	-0.001	0.379	0.669	0.997	0.997	10.418	0.257	0.257
1.7	0.200	0.01807	-0.001	0.370	0.677	0.997	0.997	11.041	0.257	0.257
1.8	0.211	0.01815	-0.002	0.360	0.686	0.997	0.997	11.633	0.257	0.257
1.9	0.223	0.01821	-0.002	0.351	0.693	0.997	0.997	12.241	0.257	0.257
2.0	0.235	0.01833	-0.002	0.341	0.701	0.997	0.997	12.800	0.257	0.257
2.1	0.246	0.01838	-0.002	0.331	0.709	0.997	0.997	13.398	0.257	0.257
2.2	0.258	0.01848	-0.002	0.321	0.716	0.997	0.997	13.951	0.257	0.257
2.3	0.270	0.01861	-0.002	0.311	0.724	0.997	0.997	14.479	0.257	0.257
2.4	0.281	0.01868	-0.002	0.302	0.731	0.997	0.997	15.047	0.257	0.257
2.5	0.293	0.01876	-0.002	0.291	0.738	0.997	0.997	15.606	0.257	0.257
2.6	0.304	0.01888	-0.002	0.281	0.745	0.997	0.997	16.122	0.257	0.257
2.7	0.316	0.01903	-0.002	0.271	0.751	0.996	0.997	16.599	0.257	0.257
2.8	0.328	0.01915	-0.002	0.259	0.758	0.997	0.997	17.099	0.257	0.257
2.9	0.339	0.01924	-0.003	0.248	0.765	0.997	0.997	17.620	0.257	0.257
3.0	0.351	0.01946	-0.003	0.237	0.771	0.996	0.997	18.017	0.258	0.257
3.1	0.362	0.01958	-0.003	0.225	0.777	0.996	0.997	18.499	0.258	0.257
3.2	0.374	0.01969	-0.003	0.214	0.782	0.996	0.997	18.974	0.258	0.257
3.3	0.385	0.01989	-0.003	0.201	0.788	0.996	0.997	19.359	0.258	0.257
3.4	0.396	0.02006	-0.003	0.188	0.794	0.996	0.996	19.762	0.258	0.257
3.5	0.408	0.01898	-0.003	0.174	0.799	0.996	0.996	21.486	0.258	0.257
3.6	0.419	0.01917	-0.003	0.157	0.804	0.996	0.996	21.865	0.258	0.257
3.7	0.430	0.01937	-0.003	0.144	0.809	0.996	0.996	22.223	0.258	0.257
3.8	0.442	0.01957	-0.003	0.126	0.815	0.996	0.996	22.566	0.258	0.257
3.9	0.453	0.02024	-0.003	0.046	0.820	0.995	0.996	22.373	0.258	0.257
4.0	0.464	0.02047	-0.003	0.034	0.824	0.995	0.996	22.677	0.258	0.257
4.1	0.475	0.02057	-0.004	0.032	0.828	0.995	0.996	23.099	0.258	0.257
4.2	0.486	0.02070	-0.004	0.024	0.832	0.994	0.996	23.498	0.258	0.257
4.3	0.497	0.02080	-0.004	0.023	0.837	0.994	0.996	23.912	0.258	0.257
4.4	0.508	0.02095	-0.004	0.022	0.842	0.994	0.996	24.275	0.258	0.257
4.5	0.519	0.02106	-0.004	0.020	0.845	0.994	0.996	24.666	0.258	0.258
4.6	0.530	0.02116	-0.004	0.016	0.849	0.994	0.996	25.066	0.258	0.258
4.7	0.541	0.02128	-0.004	0.015	0.853	0.993	0.996	25.430	0.258	0.258
4.8	0.552	0.02098	-0.004	0.015	0.856	0.993	0.996	26.318	0.258	0.258
4.9	0.563	0.02114	-0.004	0.014	0.860	0.993	0.996	26.618	0.258	0.258
5.0	0.574	0.02127	-0.004	0.014	0.864	0.993	0.996	26.964	0.258	0.258
5.1	0.584	0.02139	-0.004	0.013	0.867	0.992	0.996	27.318	0.258	0.258
5.2	0.595	0.02156	-0.004	0.012	0.870	0.992	0.996	27.593	0.258	0.258
5.3	0.605	0.02164	-0.005	0.012	0.873	0.992	0.995	27.974	0.258	0.258
5.4	0.616	0.02044	-0.005	0.011	0.876	0.991	0.995	30.131	0.258	0.258
5.5	0.626	0.02048	-0.005	0.011	0.879	0.990	0.995	30.562	0.271	0.258
5.6	0.516	0.04632	-0.003	0.010	0.883	0.045	0.995	11.137	0.272	0.255
5.7	0.523	0.04725	-0.003	0.009	0.886	0.034	0.995	11.065	0.238	0.255
5.8	0.530	0.04809	-0.002	0.009	0.888	0.027	0.995	11.023	0.243	0.255
5.9	0.538	0.04879	-0.002	0.008	0.890	0.023	0.995	11.019	0.248	0.254
6.0	0.545	0.04952	-0.002	0.008	0.893	0.021	0.995	11.010	0.249	0.254
6.1	0.553	0.05027	-0.002	0.008	0.895	0.019	0.995	10.993	0.248	0.254
6.2	0.560	0.05096	-0.002	0.008	0.898	0.017	0.995	10.990	0.249	0.254
6.3	0.567	0.05167	-0.002	0.007	0.901	0.016	0.995	10.981	0.250	0.254
6.4	0.575	0.05246	-0.002	0.007	0.903	0.015	0.994	10.957	0.253	0.254
6.5	0.582	0.05320	-0.002	0.007	0.906	0.014	0.994	10.942	0.253	0.254
6.6	0.589	0.05397	-0.002	0.007	0.907	0.014	0.994	10.918	0.252	0.254
6.7	0.596	0.05471	-0.002	0.007	0.909	0.013	0.994	10.899	0.252	0.254
6.8	0.603	0.05548	-0.002	0.006	0.911	0.013	0.994	10.873	0.253	0.254
6.9	0.610	0.05631	-0.002	0.006	0.913	0.012	0.994	10.836	0.253	0.254
7.0	0.617	0.05726	-0.002	0.006	0.915	0.012	0.994	10.773	0.251	0.254
7.1	0.623	0.05814	-0.002	0.006	0.917	0.011	0.994	10.723	0.250	0.254
7.2	0.630	0.05897	-0.002	0.006	0.919	0.010	0.994	10.682	0.252	0.254
7.3	0.636	0.05986	-0.003	0.006	0.921	0.010	0.994	10.630	0.253	0.254
7.4	0.643	0.06076	-0.003	0.006	0.923	0.010	0.994	10.576	0.252	0.254
7.5	0.649	0.06165	-0.003	0.006	0.925	0.009	0.994	10.522	0.251	0.254
7.6	0.655	0.06277	-0.003	0.006	0.926	0.009	0.994	10.430	0.252	0.254
7.7	0.661	0.06363	-0.003	0.005	0.928	0.009	0.994	10.381	0.255	0.254
7.8	0.666	0.06490	-0.003	0.005	0.929	0.009	0.994	10.268	0.254	0.254
7.9	0.672	0.06592	-0.003	0.005	0.931	0.008	0.994	10.193	0.253	0.254
8.0	0.677	0.06675	-0.003	0.005	0.932	0.008	0.994	10.149	0.254	0.254

