  1.000000 -0.000000
  0.999013  0.000107
  0.996057  0.000429
  0.991144  0.000960
  0.984292  0.001695
  0.975528  0.002626
  0.964888  0.003742
  0.952414  0.005032
  0.938153  0.006482
  0.922164  0.008078
  0.904508  0.009803
  0.885257  0.011643
  0.864484  0.013579
  0.842274  0.015596
  0.818712  0.017677
  0.793893  0.019803
  0.767913  0.021959
  0.740877  0.024126
  0.712890  0.026286
  0.684062  0.028422
  0.654508  0.030515
  0.624345  0.032545
  0.593691  0.034494
  0.562667  0.036341
  0.531395  0.038065
  0.500000  0.039646
  0.468605  0.041062
  0.437333  0.042292
  0.406309  0.043316
  0.375655  0.044114
  0.345492  0.044668
  0.315938  0.044961
  0.287110  0.044979
  0.259123  0.044710
  0.232087  0.044147
  0.206107  0.043284
  0.181288  0.042119
  0.157726  0.040655
  0.135516  0.038897
  0.114743  0.036853
  0.095492  0.034537
  0.077836  0.031961
  0.061847  0.029144
  0.047586  0.026102
  0.035112  0.022855
  0.024472  0.019420
  0.015708  0.015816
  0.008856  0.012059
  0.003943  0.008163
  0.000987  0.004141
  0.000000  0.000000
  0.000987 -0.004141
  0.003943 -0.008163
  0.008856 -0.012059
  0.015708 -0.015816
  0.024472 -0.019420
  0.035112 -0.022855
  0.047586 -0.026102
  0.061847 -0.029144
  0.077836 -0.031961
  0.095492 -0.034537
  0.114743 -0.036853
  0.135516 -0.038897
  0.157726 -0.040655
  0.181288 -0.042119
  0.206107 -0.043284
  0.232087 -0.044147
  0.259123 -0.044710
  0.287110 -0.044979
  0.315938 -0.044961
  0.345492 -0.044668
  0.375655 -0.044114
  0.406309 -0.043316
  0.437333 -0.042292
  0.468605 -0.041062
  0.500000 -0.039646
  0.531395 -0.038065
  0.562667 -0.036341
  0.593691 -0.034494
  0.624345 -0.032545
  0.654508 -0.030515
  0.684062 -0.028422
  0.712890 -0.026286
  0.740877 -0.024126
  0.767913 -0.021959
  0.793893 -0.019803
  0.818712 -0.017677
  0.842274 -0.015596
  0.864484 -0.013579
  0.885257 -0.011643
  0.904508 -0.009803
  0.922164 -0.008078
  0.938153 -0.006482
  0.952414 -0.005032
  0.964888 -0.003742
  0.975528 -0.002626
  0.984292 -0.001695
  0.991144 -0.000960
  0.996057 -0.000429
  0.999013 -0.000107
  1.000000  0.000000
